direction,flag_config,k,distance,physical_error_rate,decoder,logical_error_rate,errors,shots,error_bar,decode_time
y,all,1,,0.0001,correlated_pymatching,1.041450319915261e-05,1151,110518954,3.069719085801469e-07,32.102707862854004
y,none,1,,0.0001,correlated_pymatching,0.0021376703627609354,1363,637610,5.7839978402077956e-05,3.0818674564361572
y,partial,1,,0.0001,correlated_pymatching,0.000241451305352269,1227,5081770,6.892151883150318e-06,4.311660528182983
y,all,1,,0.00017782794100389227,correlated_pymatching,3.078684251674569e-05,1166,37873322,9.015902148402874e-07,10.565556764602661
y,none,1,,0.00017782794100389227,correlated_pymatching,0.0036443799824481195,1387,380586,9.767706678396926e-05,2.60942006111145
y,partial,1,,0.00017782794100389227,correlated_pymatching,0.00047191944053003395,1221,2587306,1.3502293254279022e-05,3.635737657546997
y,all,1,,0.00031622776601683794,correlated_pymatching,9.989996424939143e-05,1030,10310314,3.1126122789591453e-06,5.70438814163208
y,none,1,,0.00031622776601683794,correlated_pymatching,0.006543062435146935,1671,255385,0.00015953918272237642,2.8867547512054443
y,partial,1,,0.00031622776601683794,correlated_pymatching,0.000854619117662685,1126,1317546,2.545761714537068e-05,3.256167411804199
y,all,1,,0.0005623413251903491,correlated_pymatching,0.0003128449394540216,1149,3672746,9.227863800379866e-06,3.8222696781158447
y,none,1,,0.0005623413251903491,correlated_pymatching,0.011376548702854405,1662,146090,0.0002774664481232206,3.0024526119232178
y,partial,1,,0.0005623413251903491,correlated_pymatching,0.0015166000246563808,1304,859818,4.196649390224682e-05,3.068390130996704
y,all,1,,0.001,correlated_pymatching,0.0009085533931263065,1091,1200810,2.7494175456117e-05,3.331568717956543
y,none,1,,0.001,correlated_pymatching,0.019675412558144825,1730,87927,0.00046836641271042167,2.825413703918457
y,partial,1,,0.001,correlated_pymatching,0.002932154234759445,1191,406186,8.483855946984475e-05,2.9625303745269775
y,all,1,,0.0017782794100389228,correlated_pymatching,0.002739955197754175,1343,490154,7.466372700396987e-05,3.0881433486938477
y,none,1,,0.0017782794100389228,correlated_pymatching,0.035506449355064494,3551,100010,0.000585169353072621,2.9251368045806885
y,partial,1,,0.0017782794100389228,correlated_pymatching,0.0064022472491017035,1486,232106,0.0001655496770106657,2.993455410003662
y,all,1,,0.0031622776601683794,correlated_pymatching,0.009177045035095113,1263,137626,0.00025703911512840353,2.878988742828369
y,none,1,,0.0031622776601683794,correlated_pymatching,0.061804193310065474,2426,39253,0.001215400155926119,2.9566285610198975
y,partial,1,,0.0031622776601683794,correlated_pymatching,0.01305148940526154,1275,97690,0.0003631217232694625,2.901364803314209
y,all,1,,0.005623413251903491,correlated_pymatching,0.0263523513244133,1745,66218,0.0006224759344634916,2.924129009246826
y,none,1,,0.005623413251903491,correlated_pymatching,0.10783156237701692,4932,45738,0.0014502998142420214,2.4540164470672607
y,partial,1,,0.005623413251903491,correlated_pymatching,0.03130314187125427,1896,60569,0.000707559080037378,2.5193581581115723
y,all,1,,0.01,correlated_pymatching,0.06865587675263977,3173,46216,0.0011762449470396653,3.306983470916748
y,none,1,,0.01,correlated_pymatching,0.18200374621776091,7579,41642,0.0018908193194932383,2.8653366565704346
y,partial,1,,0.01,correlated_pymatching,0.07536877688998156,2943,39048,0.0013359204984438676,2.560323715209961
y,all,2,,0.0001,correlated_pymatching,4.537174236172092e-06,1224,269771434,1.2968619946931686e-07,223.65767669677734
y,none,2,,0.0001,correlated_pymatching,1.069824949335e-05,1199,112074410,3.089589689918822e-07,60.37101078033447
y,partial,2,,0.0001,correlated_pymatching,6.504256364794431e-06,1328,204173994,1.7848314121333836e-07,160.45255970954895
y,all,2,,0.00017782794100389227,correlated_pymatching,1.3836775916794526e-05,1011,73066154,4.351673719103914e-07,60.447752952575684
y,none,2,,0.00017782794100389227,correlated_pymatching,3.3127487735065283e-05,1344,40570538,9.036113427368663e-07,23.860953330993652
y,partial,2,,0.00017782794100389227,correlated_pymatching,2.0301976971126934e-05,1067,52556458,6.215151401326556e-07,43.94067978858948
y,all,2,,0.00031622776601683794,correlated_pymatching,4.89165910642486e-05,1281,26187434,1.3666930840688679e-06,23.829246997833252
y,none,2,,0.00031622776601683794,correlated_pymatching,0.00010280438594076455,1083,10534570,3.123741520284509e-06,8.39931607246399
y,partial,2,,0.00031622776601683794,correlated_pymatching,6.439748954907848e-05,1213,18836138,1.8489473847443346e-06,17.8957998752594
y,all,2,,0.0005623413251903491,correlated_pymatching,0.0001461603570062193,1263,8641194,4.112407847522123e-06,10.672359228134155
y,none,2,,0.0005623413251903491,correlated_pymatching,0.0003265662890111658,1076,3294890,9.953923320956467e-06,5.0079920291900635
y,partial,2,,0.0005623413251903491,correlated_pymatching,0.00020284374447055754,1300,6408874,5.625302627508742e-06,8.427785396575928
y,all,2,,0.001,correlated_pymatching,0.0004913433840826961,1150,2340522,1.4485365982288765e-05,4.853149890899658
y,none,2,,0.001,correlated_pymatching,0.0010208331696123349,1299,1272490,2.830925322202044e-05,3.5790843963623047
y,partial,2,,0.001,correlated_pymatching,0.0006460275795046669,1045,1617578,1.9978026513239786e-05,4.368634462356567
y,all,2,,0.0017782794100389228,correlated_pymatching,0.0017143336101063174,1309,763562,4.734269036753683e-05,3.547121524810791
y,none,2,,0.0017782794100389228,correlated_pymatching,0.003248841836505712,1303,401066,8.985654910256908e-05,3.550119161605835
y,partial,2,,0.0017782794100389228,correlated_pymatching,0.0020811809769615505,1116,536234,6.223366197500233e-05,3.538552761077881
y,all,2,,0.0031622776601683794,correlated_pymatching,0.005732773300034056,1313,229034,0.00015775530304531859,3.2379813194274902
y,none,2,,0.0031622776601683794,correlated_pymatching,0.00995561872326732,1485,149162,0.00025705873183216844,3.031395196914673
y,partial,2,,0.0031622776601683794,correlated_pymatching,0.006625051841296511,1246,188074,0.0001870625548437653,3.0990567207336426
y,all,2,,0.005623413251903491,correlated_pymatching,0.02025201240151321,1424,70314,0.0005312150615139152,3.0146548748016357
y,none,2,,0.005623413251903491,correlated_pymatching,0.03131176128657237,1616,51610,0.0007666176829437701,2.9237897396087646
y,partial,2,,0.005623413251903491,correlated_pymatching,0.022641828958509736,1337,59050,0.0006121708922788518,2.9762067794799805
y,all,2,,0.01,correlated_pymatching,0.06749356552215104,2465,36522,0.0013127433540110972,2.6023435592651367
y,none,2,,0.01,correlated_pymatching,0.09317299175580841,2735,29354,0.0016965770918363824,2.8706016540527344
y,partial,2,,0.01,correlated_pymatching,0.06983334133807213,2908,41642,0.001248952741027929,3.081681251525879
y,all,3,,0.0001,correlated_pymatching,5.993199553592554e-07,1017,1696923306,1.8793087329967256e-08,2471.5692327022552
y,none,3,,0.0001,correlated_pymatching,1.6380424849477003e-06,1131,690458282,4.8707238039362856e-08,791.7269153594971
y,partial,3,,0.0001,correlated_pymatching,2.0723550367712747e-07,1017,4907460266,6.498358092623291e-09,8712.637643814087
y,all,3,,0.00017782794100389227,correlated_pymatching,1.9618905427781717e-06,1023,521435818,6.133897730919952e-08,911.5188682079315
y,none,3,,0.00017782794100389227,correlated_pymatching,5.6286889597197115e-06,1061,188498602,1.7280182946952114e-07,223.1319785118103
y,partial,3,,0.00017782794100389227,correlated_pymatching,7.38871139121672e-07,1025,1387251370,2.307844854350572e-08,2471.6156902313232
y,all,3,,0.00031622776601683794,correlated_pymatching,6.604104421108993e-06,1175,177919658,1.9266089086778259e-07,312.0360150337219
y,none,3,,0.00031622776601683794,correlated_pymatching,1.9180004252730034e-05,1320,68821674,5.279071797268284e-07,83.41374897956848
y,partial,3,,0.00031622776601683794,correlated_pymatching,3.2023369028660036e-06,1158,361610922,9.410485828053418e-08,672.0532112121582
y,all,3,,0.0005623413251903491,correlated_pymatching,2.249858247422186e-05,1173,52136618,6.569030292482638e-07,116.36104273796082
y,none,3,,0.0005623413251903491,correlated_pymatching,6.31259969958439e-05,1063,16839338,1.9361005573754827e-06,23.53739595413208
y,partial,3,,0.0005623413251903491,correlated_pymatching,1.3078036238950355e-05,1135,86786730,3.8818769594346716e-07,160.28174686431885
y,all,3,,0.001,correlated_pymatching,8.010363150583658e-05,1248,15579818,2.26739673882836e-06,31.998488903045654
y,none,3,,0.001,correlated_pymatching,0.00023332986470993522,1018,4362922,7.312161373845461e-06,8.04695987701416
y,partial,3,,0.001,correlated_pymatching,6.023511284151272e-05,1316,21847722,1.6603846255454634e-06,44.13595700263977
y,all,3,,0.0017782794100389228,correlated_pymatching,0.00032017453283388536,1231,3844778,9.124061877359554e-06,10.631654739379883
y,none,3,,0.0017782794100389228,correlated_pymatching,0.0008924075156643846,1322,1481386,2.4533167344607834e-05,5.007166385650635
y,partial,3,,0.0017782794100389228,correlated_pymatching,0.0003074199388359636,1153,3750570,9.052126460317135e-06,10.264240503311157
y,all,3,,0.0031622776601683794,correlated_pymatching,0.0015300326986420023,1021,667306,4.784706959501934e-05,4.0998430252075195
y,none,3,,0.0031622776601683794,correlated_pymatching,0.0038597098794050126,1382,358058,0.00010362412896798551,3.15274977684021
y,partial,3,,0.0031622776601683794,correlated_pymatching,0.0015297109117122158,1356,886442,4.150946089521438e-05,5.094305992126465
y,all,3,,0.005623413251903491,correlated_pymatching,0.0074096456770498045,1128,152234,0.00021980011551688054,3.3893649578094482
y,none,3,,0.005623413251903491,correlated_pymatching,0.017769056768320933,1304,73386,0.0004876771248904388,3.096129894256592
y,partial,3,,0.005623413251903491,correlated_pymatching,0.009060637674531606,1268,139946,0.0002532927020532314,3.052480697631836
y,all,3,,0.01,correlated_pymatching,0.04005657422841845,1586,39594,0.0009854736855156026,2.8070120811462402
y,none,3,,0.01,correlated_pymatching,0.07273126785321907,1986,27306,0.0015715722219711691,2.8884880542755127
y,partial,3,,0.01,correlated_pymatching,0.04372077300129585,1552,35498,0.0010852613444428366,3.105933427810669
y,none,4,,0.0001,correlated_pymatching,2.8430802807270913e-08,2000,70346237268,6.357320682823094e-10,157238.4083814621
y,none,4,,0.00017782794100389227,correlated_pymatching,1.5239258404489373e-07,1007,6607933098,4.802297543976704e-09,15793.541125774384
y,all,4,,0.00031622776601683794,correlated_pymatching,7.929787552526162e-08,1001,12623289002,2.5063660334215385e-09,29474.591013669968
y,none,4,,0.00031622776601683794,correlated_pymatching,8.93514432246843e-07,1032,1154989738,2.7813876954504938e-08,2592.2353887557983
y,partial,4,,0.00031622776601683794,correlated_pymatching,8.556078181478563e-08,1000,11687597738,2.7056693734447743e-09,37157.1372692585
y,all,4,,0.0005623413251903491,correlated_pymatching,4.838897435339126e-07,1012,2091385514,1.5210940083252033e-08,7032.690675973892
y,none,4,,0.0005623413251903491,correlated_pymatching,5.498312076912225e-06,1030,187330218,1.713205973063618e-07,432.0571439266205
y,partial,4,,0.0005623413251903491,correlated_pymatching,6.042033180357269e-07,1005,1663347370,1.9058992705261886e-08,5593.114078760147
y,all,4,,0.001,correlated_pymatching,3.6028475910684208e-06,1070,296987306,1.1014206627884482e-07,1031.902004480362
y,none,4,,0.001,correlated_pymatching,3.364055352420432e-05,1114,33114794,1.0078902235519912e-06,83.24024891853333
y,partial,4,,0.001,correlated_pymatching,4.477563141190434e-06,1023,228472490,1.3999190702275817e-07,792.2942643165588
y,all,4,,0.0017782794100389228,correlated_pymatching,2.7458264484234515e-05,1181,43010730,7.989915246885467e-07,160.97571468353271
y,none,4,,0.0017782794100389228,correlated_pymatching,0.00020321227494107905,1149,5654186,5.994400998663585e-06,17.772040843963623
y,partial,4,,0.0017782794100389228,correlated_pymatching,4.1350235492597206e-05,1238,29939370,1.1751916191070616e-06,115.46001935005188
y,all,4,,0.0031622776601683794,correlated_pymatching,0.00025482449855738376,1284,5038762,7.11055213308995e-06,24.2446231842041
y,none,4,,0.0031622776601683794,correlated_pymatching,0.001275213973873561,1197,938666,3.6834849690245064e-05,5.931763410568237
y,partial,4,,0.0031622776601683794,correlated_pymatching,0.0003611536688036413,1214,3361450,1.0363447459679402e-05,18.25998544692993
y,all,4,,0.005623413251903491,correlated_pymatching,0.0024348829013552046,1368,561834,6.575149901149281e-05,6.004648923873901
y,none,4,,0.005623413251903491,correlated_pymatching,0.009051571256295667,1276,140970,0.00025224592798846565,4.333165884017944
y,partial,4,,0.005623413251903491,correlated_pymatching,0.0033511752385385154,1296,386730,9.293209273694884e-05,5.266480922698975
y,all,4,,0.01,correlated_pymatching,0.022963108448721726,1403,61098,0.000605978649018365,3.5580873489379883
y,none,4,,0.01,correlated_pymatching,0.05157729781290454,1514,29354,0.00129091194141953,3.2316460609436035
y,partial,4,,0.01,correlated_pymatching,0.027941755214482486,1278,45738,0.0007706095748997695,3.3389291763305664
y,all,1,,0.0001,pymatching,1.2240423064125705e-05,1060,86598314,3.759593048421078e-07,6.5502707958221436
y,none,1,,0.0001,pymatching,0.0018767451270575452,1679,894634,4.575852701618602e-05,3.028191566467285
y,partial,1,,0.0001,pymatching,0.00032484814533821854,1234,3798698,9.245965325391171e-06,3.475595235824585
y,all,1,,0.00017782794100389227,pymatching,3.7203405201242374e-05,1154,31018666,1.0951452130954298e-06,4.42342209815979
y,none,1,,0.00017782794100389227,pymatching,0.0034584494900395976,2042,590438,7.640139247433554e-05,2.6115708351135254
y,partial,1,,0.00017782794100389227,pymatching,0.0005895616648797144,1334,2262698,1.6137017217239863e-05,3.0297276973724365
y,all,1,,0.00031622776601683794,pymatching,0.00011107954786754637,1177,10596010,3.2375892545207333e-06,9.238482236862183
y,none,1,,0.00031622776601683794,pymatching,0.006229872609649747,2186,350890,0.00013283027024955157,2.8283772468566895
y,partial,1,,0.00031622776601683794,pymatching,0.001030831224814919,1298,1259178,2.859738099598396e-05,8.846143245697021
y,all,1,,0.0005623413251903491,pymatching,0.0003636317964905943,1216,3344042,1.042596080875703e-05,2.655905246734619
y,none,1,,0.0005623413251903491,pymatching,0.010990243704837015,3527,320921,0.00018403688801865993,2.9541289806365967
y,partial,1,,0.0005623413251903491,pymatching,0.0019330811149494884,1376,711817,5.206198127441862e-05,2.9866011142730713
y,all,1,,0.001,pymatching,0.0011383807695542535,1543,1355434,2.8963914086977193e-05,2.6334877014160156
y,none,1,,0.001,pymatching,0.01906196992902195,2315,121446,0.00039238560672690687,2.866098165512085
y,partial,1,,0.001,pymatching,0.0037618877011895637,1659,441002,9.218583845152349e-05,2.508119821548462
y,all,1,,0.0017782794100389228,pymatching,0.0035274099605156956,1617,458410,8.756561566334235e-05,2.9330811500549316
y,none,1,,0.0017782794100389228,pymatching,0.03392345834206299,3886,114552,0.0005348776983031359,2.86905574798584
y,partial,1,,0.0017782794100389228,pymatching,0.0077061128311916045,2250,291976,0.00016183194824587158,3.100220203399658
y,all,1,,0.0031622776601683794,pymatching,0.010260056264824678,1674,163157,0.0002494781784782925,3.1480629444122314
y,none,1,,0.0031622776601683794,pymatching,0.05835363494735522,5581,95641,0.0007579766377033564,3.1560299396514893
y,partial,1,,0.0031622776601683794,pymatching,0.016624198333271785,2701,162474,0.00031720365149821286,2.5375232696533203
y,all,1,,0.005623413251903491,pymatching,0.030594132792385112,3137,102536,0.0005378159896912007,2.990175247192383
y,none,1,,0.005623413251903491,pymatching,0.10663725686785643,2659,24935,0.001954626193898127,3.1463065147399902
y,partial,1,,0.005623413251903491,pymatching,0.0371798925071135,3528,94890,0.000614209341502457,2.609611749649048
y,all,1,,0.01,pymatching,0.08125197597217831,4626,56934,0.0011450628537315933,2.8632702827453613
y,none,1,,0.01,pymatching,0.1732331523340489,8231,47514,0.0017361859376770893,6.572171688079834
y,partial,1,,0.01,pymatching,0.08609202581719759,5789,67242,0.00108171383875059,6.179282188415527
y,all,2,,0.0001,pymatching,1.0762828702679917e-05,1087,100995754,3.26444472305897e-07,17.74069881439209
y,none,2,,0.0001,pymatching,1.5629371550380437e-05,1392,89063082,4.1890785509837164e-07,13.322832107543945
y,partial,2,,0.0001,pymatching,1.2131597080030804e-05,1302,107323050,3.3620939985424057e-07,17.811476469039917
y,all,2,,0.00017782794100389227,pymatching,3.4623978928444054e-05,1263,36477610,9.742440921078076e-07,8.220134496688843
y,none,2,,0.00017782794100389227,pymatching,4.677974730374291e-05,1049,22424234,1.4443085063691596e-06,5.8371992111206055
y,partial,2,,0.00017782794100389227,pymatching,3.795279976237135e-05,1187,31275690,1.1015652270607627e-06,6.437769651412964
y,all,2,,0.00031622776601683794,pymatching,0.00011164423013990148,1061,9503402,3.427317565391749e-06,4.338241100311279
y,none,2,,0.00031622776601683794,pymatching,0.0001564655827828533,1171,7484074,4.572001832596862e-06,3.855149030685425
y,partial,2,,0.00031622776601683794,pymatching,0.00011761296008911585,1150,9777834,3.468013021311487e-06,4.178267478942871
y,all,2,,0.0005623413251903491,pymatching,0.0003343984314122287,1084,3241642,1.015493071507788e-05,3.3460958003997803
y,none,2,,0.0005623413251903491,pymatching,0.00046512982316409483,1182,2541226,1.3525845521394178e-05,3.139214515686035
y,partial,2,,0.0005623413251903491,pymatching,0.00037432424171867713,1090,2911914,1.1335832127922751e-05,3.22757625579834
y,all,2,,0.001,pymatching,0.0011309664672570074,1233,1090218,3.219011030828599e-05,3.079622507095337
y,none,2,,0.001,pymatching,0.0014775496306761156,1163,787114,4.32943413753781e-05,3.1040754318237305
y,partial,2,,0.001,pymatching,0.0011520553836025886,1302,1130154,3.1909320474689763e-05,2.660337448120117
y,all,2,,0.0017782794100389228,pymatching,0.003571948758140922,1545,432537,9.071183467146722e-05,2.955462694168091
y,none,2,,0.0017782794100389228,pymatching,0.004685061736385276,1303,278118,0.00012948616584238976,2.8259787559509277
y,partial,2,,0.0017782794100389228,pymatching,0.003755562627226945,1487,395946,9.720810547624928e-05,2.9066898822784424
y,all,2,,0.0031622776601683794,pymatching,0.011074019876836778,1453,131208,0.00028890455205357374,2.875415802001953
y,none,2,,0.0031622776601683794,pymatching,0.01404533989252534,1793,127658,0.0003293597927278919,3.0755491256713867
y,partial,2,,0.0031622776601683794,pymatching,0.01105325659998173,1694,153258,0.0002670668607849684,2.8033766746520996
y,all,2,,0.005623413251903491,pymatching,0.033061855862236054,1774,53657,0.0007718799620622218,2.5939457416534424
y,none,2,,0.005623413251903491,pymatching,0.04167915480293721,2225,53384,0.0008649865674742425,3.06112003326416
y,partial,2,,0.005623413251903491,pymatching,0.03392905392364998,1758,51814,0.000795365639581675,2.8815019130706787
y,all,2,,0.01,pymatching,0.09640744172784946,2705,28058,0.0017620297900275408,2.8853509426116943
y,none,2,,0.01,pymatching,0.10896437609499708,2239,20548,0.0021737271188382234,2.5203559398651123
y,partial,2,,0.01,pymatching,0.09396399576420755,2662,28330,0.0017335252789742134,3.121419906616211
y,all,3,,0.0001,pymatching,6.451109156993525e-06,1102,170823338,1.943310478365095e-07,60.33193325996399
y,none,3,,0.0001,pymatching,2.7285520478514483e-06,1067,391049898,8.353133844331521e-08,115.16060709953308
y,partial,3,,0.0001,pymatching,7.215950471575145e-06,1242,172118698,2.047534267360426e-07,60.26290988922119
y,all,3,,0.00017782794100389227,pymatching,2.04662580335384e-05,1250,61076138,5.788672699267623e-07,23.91921305656433
y,none,3,,0.00017782794100389227,pymatching,9.010857038884704e-06,1174,130287274,2.6298446481503256e-07,43.746691942214966
y,partial,3,,0.00017782794100389227,pymatching,2.2573071114119275e-05,1398,61932202,6.037152721868362e-07,23.94892954826355
y,all,3,,0.00031622776601683794,pymatching,6.438038527888986e-05,1101,17101482,1.9401974586645685e-06,8.484110593795776
y,none,3,,0.00031622776601683794,pymatching,3.191741677526181e-05,1079,33805994,9.716505065142184e-07,13.468361139297485
y,partial,3,,0.00031622776601683794,pymatching,7.041717206365021e-05,1141,16203434,2.084589117788584e-06,8.447649717330933
y,all,3,,0.0005623413251903491,pymatching,0.00021363103588886752,1118,5233322,6.388472802938533e-06,4.786784648895264
y,none,3,,0.0005623413251903491,pymatching,0.00010673340237899275,1295,12133034,2.9658029409421024e-06,6.741329908370972
y,partial,3,,0.0005623413251903491,pymatching,0.0002512475177090213,1311,5217962,6.938184897299395e-06,4.974102258682251
y,all,3,,0.001,pymatching,0.0006921821867463592,1260,1820330,1.9493274052985327e-05,3.5796446800231934
y,none,3,,0.001,pymatching,0.00038977048235223194,1125,2886314,1.1618445663125422e-05,3.8175134658813477
y,partial,3,,0.001,pymatching,0.0007744134247920947,1397,1803946,2.071125630237145e-05,3.4687108993530273
y,all,3,,0.0017782794100389228,pymatching,0.002268031572153332,1258,554666,6.38727653449776e-05,3.070175886154175
y,none,3,,0.0017782794100389228,pymatching,0.0015024634472758445,1318,877226,4.1354208095041115e-05,3.357560873031616
y,partial,3,,0.0017782794100389228,pymatching,0.002608767975851653,1286,492953,7.265202828421999e-05,3.3062870502471924
y,all,3,,0.0031622776601683794,pymatching,0.00783414484620554,1329,169642,0.00021405296355349795,2.953263759613037
y,none,3,,0.0031622776601683794,pymatching,0.006224477837974272,1381,221866,0.00016697453142140164,2.8779685497283936
y,partial,3,,0.0031622776601683794,pymatching,0.008601838763848116,1424,165546,0.0002269657668079589,2.783773899078369
y,all,3,,0.005623413251903491,pymatching,0.02845046570702794,1680,59050,0.0006841750189313699,2.91094970703125
y,none,3,,0.005623413251903491,pymatching,0.024432981019933277,1743,71338,0.0005780379057589274,2.729452610015869
y,partial,3,,0.005623413251903491,pymatching,0.02919683617330814,1746,59801,0.0006884608755262968,3.087230920791626
y,all,3,,0.01,pymatching,0.0922946028927607,2495,27033,0.0017604086320386835,2.793137788772583
y,none,3,,0.01,pymatching,0.08955171196611367,2537,28330,0.0016964509250978967,2.9638733863830566
y,partial,3,,0.01,pymatching,0.09796154163571841,2374,24234,0.0019095356937799263,2.9566359519958496
y,all,4,,0.0001,pymatching,7.172673693274338e-08,1004,13997569706,2.2636756640377667e-09,8471.756228923798
y,none,4,,0.0001,pymatching,6.145141988255585e-08,1017,16549658282,1.926954376637056e-09,8592.013335704803
y,partial,4,,0.0001,pymatching,1.0060484038495085e-07,1000,9939879594,3.181404232509012e-09,6671.969841480255
y,all,4,,0.00017782794100389227,pymatching,4.279173639617759e-07,1023,2390648490,1.3378949048299574e-08,1631.7281260490417
y,none,4,,0.00017782794100389227,pymatching,3.357372698989721e-07,1051,3130423978,1.0356145027182983e-08,1991.6931297779083
y,partial,4,,0.00017782794100389227,pymatching,5.488264268692615e-07,1002,1825713834,1.733808130650694e-08,1271.370322227478
y,all,4,,0.00031622776601683794,pymatching,2.304547196350049e-06,1012,439131818,7.244273696670613e-08,311.7757079601288
y,none,4,,0.00031622776601683794,pymatching,2.0138886930730768e-06,1327,658924202,5.52840135612071e-08,436.9385497570038
y,partial,4,,0.00031622776601683794,pymatching,3.1002284092190398e-06,1422,458675882,8.221351567812331e-08,311.5495569705963
y,all,4,,0.0005623413251903491,pymatching,1.3192278130275855e-05,1014,76863146,4.142838053000564e-07,65.8846218585968
y,none,4,,0.0005623413251903491,pymatching,1.1233789490948085e-05,1378,122665642,3.026211192766858e-07,83.59161949157715
y,partial,4,,0.0005623413251903491,pymatching,1.7775753729976634e-05,1052,59181738,5.480450946690797e-07,49.048989057540894
y,all,4,,0.001,pymatching,7.55186145778743e-05,1390,18406058,2.025490518880647e-06,18.05957794189453
y,none,4,,0.001,pymatching,6.780495364323967e-05,1373,20249258,1.829832894772268e-06,17.971224308013916
y,partial,4,,0.001,pymatching,9.72804173478651e-05,1308,13445666,2.689678849804185e-06,18.73456120491028
y,all,4,,0.0017782794100389228,pymatching,0.0004677725707768626,1091,2332330,1.4158615159330663e-05,4.748870372772217
y,none,4,,0.0017782794100389228,pymatching,0.0003805122184264413,1041,2735786,1.1791270406931206e-05,4.731904983520508
y,partial,4,,0.0017782794100389228,pymatching,0.0005852605742578447,1383,2363050,1.5732982301914016e-05,4.617843151092529
y,all,4,,0.0031622776601683794,pymatching,0.0025606452331176782,1242,485034,7.256577950373709e-05,3.5125696659088135
y,none,4,,0.0031622776601683794,pymatching,0.0023715727253681004,1381,582314,6.374175484211374e-05,3.4033942222595215
y,partial,4,,0.0031622776601683794,pymatching,0.003419770040660258,1270,371370,9.5796838471102e-05,5.721858024597168
y,all,4,,0.005623413251903491,pymatching,0.014820277615016265,1467,98986,0.0003840599439612705,5.6553263664245605
y,none,4,,0.005623413251903491,pymatching,0.014254362602007117,1338,93866,0.00038690307136017105,3.1220502853393555
y,partial,4,,0.005623413251903491,pymatching,0.01776387305459077,1340,75434,0.00048094256307980706,3.232081174850464
y,all,4,,0.01,pymatching,0.07511471937875044,2128,28330,0.0015659690385509018,3.2314612865448
y,none,4,,0.01,pymatching,0.06927687696918466,1803,26026,0.0015739853643693602,3.018828868865967
y,partial,4,,0.01,pymatching,0.0839063278525162,1684,20070,0.001957012559079204,2.8815219402313232
y,all,5,,0.0001,pymatching,1.3913892007411494e-08,101,7258932292,1.3844839911622154e-09,21672.207265138626
y,partial,5,,0.0001,pymatching,1.849506695651332e-08,1000,54068471466,5.848653651904424e-10,63435.13014101982
y,all,5,,0.00017782794100389227,pymatching,6.663590096004129e-08,100,1500692548,6.663589873986961e-09,4751.395617008209
y,none,5,,0.00017782794100389227,pymatching,3.447618672482185e-08,1001,29034533546,1.0896880242142768e-09,34393.234172582626
y,partial,5,,0.00017782794100389227,pymatching,9.87777661979505e-08,100,1012373572,9.877776131942682e-09,2951.227467775345
y,all,5,,0.00031622776601683794,pymatching,4.4128626078203046e-07,1031,2336351914,1.3743298447004398e-08,2951.682301044464
y,none,5,,0.00031622776601683794,pymatching,2.3839111136167302e-07,1010,4236735146,7.501175381720961e-09,4871.64719414711
y,partial,5,,0.00031622776601683794,pymatching,6.107469295031254e-07,110,180107332,5.8232417095141406e-08,551.0407965183258
y,all,5,,0.0005623413251903491,pymatching,2.830938717763676e-06,100,35323972,2.830934710653828e-07,115.32152032852173
y,none,5,,0.0005623413251903491,pymatching,1.3728925759134834e-06,101,73567300,1.3660782334568086e-07,223.19912362098694
y,partial,5,,0.0005623413251903491,pymatching,4.221853698713148e-06,1014,240178858,1.3258160898197257e-07,311.58228182792664
y,all,5,,0.001,pymatching,1.9135651243495768e-05,1089,56909482,5.798626713953223e-07,83.20114588737488
y,none,5,,0.001,pymatching,1.2770182806724217e-05,123,9631812,1.1514412544694634e-06,33.35745120048523
y,partial,5,,0.001,pymatching,2.9190834323641048e-05,1236,42342058,8.30292153742475e-07,60.170756101608276
y,all,5,,0.0017782794100389228,pymatching,0.0001375459540209987,1338,9727658,3.760017735508001e-06,17.70425009727478
y,none,5,,0.0017782794100389228,pymatching,0.0001085303989125254,1200,11056810,3.1328327337378546e-06,17.634743690490723
y,partial,5,,0.0017782794100389228,pymatching,0.00020384965345558912,1057,5185194,6.269432255072623e-06,10.329784393310547
y,all,5,,0.0031622776601683794,pymatching,0.0011572007234935617,1309,1131178,3.196593741102414e-05,4.802722454071045
y,none,5,,0.0031622776601683794,pymatching,0.0009521103181577399,1233,1295018,2.710184684923416e-05,4.685994863510132
y,partial,5,,0.0031622776601683794,pymatching,0.0018975668581967795,107,56388,0.00018327058027316524,4.240761756896973
y,all,5,,0.005623413251903491,pymatching,0.007734070887113296,151,19524,0.0006269511659826978,4.03939962387085
y,none,5,,0.005623413251903491,pymatching,0.008555761527592331,1320,154282,0.00023448002522694905,2.9212746620178223
y,partial,5,,0.005623413251903491,pymatching,0.011680402666512978,1216,104106,0.00033299654753624297,2.9344048500061035
y,all,5,,0.01,pymatching,0.06782009660305646,1713,25258,0.0015820841896806038,2.765629529953003
y,none,5,,0.01,pymatching,0.05992211010798371,1354,22596,0.0015789183981534778,2.585925579071045
y,partial,5,,0.01,pymatching,0.07673416630762603,1781,23210,0.00174710980674009,3.379467487335205
y,partial,6,,0.00031622776601683794,pymatching,4.853000357668067e-08,100,2060580932,4.8530002399100035e-09,10271.940685510635
y,all,6,,0.0005623413251903491,pymatching,2.8374322133351786e-07,104,366528580,2.782330802245556e-08,1880.6403875350952
y,none,6,,0.0005623413251903491,pymatching,2.0044587259284056e-07,101,503876676,1.994510778643939e-08,2352.515229701996
y,partial,6,,0.0005623413251903491,pymatching,5.126581804156131e-07,1012,1974024874,1.6115267697911055e-08,3912.3232185840607
y,all,6,,0.001,pymatching,2.8505300535775356e-06,1032,362037930,8.873299828582332e-08,792.0307817459106
y,none,6,,0.001,pymatching,2.2777286577827744e-06,1056,463619754,7.009217430759558e-08,912.0343072414398
y,partial,6,,0.001,pymatching,4.433714240189541e-06,128,28869700,3.9188780687300936e-07,160.06469106674194
y,all,6,,0.0017782794100389228,pymatching,3.16906987799081e-05,108,3407940,3.0493905920900533e-06,23.377219915390015
y,none,6,,0.0017782794100389228,pymatching,2.8867249143604944e-05,111,3845188,2.7399184861921945e-06,23.331769704818726
y,partial,6,,0.0017782794100389228,pymatching,5.81139226597206e-05,1044,17964714,1.7985284914646064e-06,44.33880162239075
y,all,6,,0.0031622776601683794,pymatching,0.0004362986193144836,1224,2805418,1.2468045199552255e-05,10.895729780197144
y,none,6,,0.0031622776601683794,pymatching,0.00033441221082301234,112,334916,3.1593699773089295e-05,4.4605724811553955
y,partial,6,,0.0031622776601683794,pymatching,0.0006508253693287828,1336,2052778,1.7799994720053895e-05,8.739243030548096
y,all,6,,0.005623413251903491,pymatching,0.005593056052813119,1281,229034,0.0001558320130942829,3.88497257232666
y,none,6,,0.005623413251903491,pymatching,0.004828761564681058,119,24644,0.00044158182348759075,2.4401185512542725
y,partial,6,,0.005623413251903491,pymatching,0.007748648093640906,1132,146090,0.000229410649246778,3.6776676177978516
y,all,6,,0.01,pymatching,0.05573112120613602,1693,30378,0.0013161856136570684,3.2943711280822754
y,none,6,,0.01,pymatching,0.04918892246962314,1595,32426,0.0012009753172720155,3.146007537841797
y,partial,6,,0.01,pymatching,0.06778050518647558,1712,25258,0.0015816559215701541,3.3454232215881348
y,all,1,,0.0001,tesseract,7.92367282071131e-06,1335,168482474,2.168623607485973e-07,431.4866635799408
y,none,1,,0.0001,tesseract,0.0008195038930180365,1094,1334954,2.4766482754310227e-05,5.256165504455566
y,partial,1,,0.0001,tesseract,6.004763377311608e-06,1216,202505898,1.72197882609529e-07,552.0996820926666
y,all,1,,0.00017782794100389227,tesseract,2.3610528047717313e-05,1084,45911722,7.171102531433851e-07,160.53421711921692
y,none,1,,0.00017782794100389227,tesseract,0.0015254188714245145,1171,767658,4.45429702815177e-05,4.392261743545532
y,partial,1,,0.00017782794100389227,tesseract,1.980081924177512e-05,1330,67168938,5.429415006704587e-07,224.7199821472168
y,all,1,,0.00031622776601683794,tesseract,7.525240230077856e-05,1153,15321770,2.216100100633343e-06,60.52453541755676
y,none,1,,0.00031622776601683794,tesseract,0.002635260707051724,1262,478890,7.408340143838492e-05,3.6091716289520264
y,partial,1,,0.00031622776601683794,tesseract,6.293001499371296e-05,1161,18449066,1.8468348444616063e-06,116.44333124160767
y,all,1,,0.0005623413251903491,tesseract,0.0002569595072770233,1029,4004522,8.009422403604191e-06,38.349549531936646
y,none,1,,0.0005623413251903491,tesseract,0.0049619703006157185,1233,248490,0.0001409588870156522,8.863210916519165
y,partial,1,,0.0005623413251903491,tesseract,0.0001926581927773085,1171,6078122,5.629465933046171e-06,61.792569637298584
y,all,1,,0.001,tesseract,0.0007643297321365119,1054,1378986,2.353392758700618e-05,20.110534191131592
y,none,1,,0.001,tesseract,0.009450129755667629,1158,122538,0.00027638957920176846,8.283362865447998
y,partial,1,,0.001,tesseract,0.0005982949109920471,1162,1942186,1.7546168182508618e-05,33.93462586402893
y,all,1,,0.0017782794100389228,tesseract,0.0024498095809905294,1118,456362,7.317770835938084e-05,17.402616500854492
y,none,1,,0.0017782794100389228,tesseract,0.01658328957187474,1200,72362,0.0004747323783810249,3.441713809967041
y,partial,1,,0.0017782794100389228,tesseract,0.0019510591242257024,1258,644778,5.495485025487077e-05,20.42244791984558
y,all,1,,0.0031622776601683794,tesseract,0.007207580923244449,1112,154282,0.00021536065312770526,8.867307186126709
y,none,1,,0.0031622776601683794,tesseract,0.03073929961089494,1343,43690,0.0008258026339055875,3.635460138320923
y,partial,1,,0.0031622776601683794,tesseract,0.0056457955086070466,1163,205994,0.00016508432706406625,13.779144763946533
y,all,1,,0.005623413251903491,tesseract,0.02119954871346945,1165,54954,0.0006144842187062471,6.938130140304565
y,none,1,,0.005623413251903491,tesseract,0.06119534168314656,1671,27306,0.001450500079693906,3.768524408340454
y,partial,1,,0.005623413251903491,tesseract,0.016948407699293937,1157,68266,0.0004940266513911725,8.344341278076172
y,all,1,,0.01,tesseract,0.06310679611650485,1287,20394,0.0017026755621212149,4.9283506870269775
y,none,1,,0.01,tesseract,0.11734035157413844,2363,20138,0.0022678386927226443,3.882230281829834
y,partial,1,,0.01,tesseract,0.05213620005536588,1130,21674,0.0015099866977572778,7.627959728240967
y,none,2,,0.0001,tesseract,9.545621942597493e-06,1213,127073962,2.7407647292814476e-07,552.4157493114471
y,all,2,,0.00017782794100389227,tesseract,1.9623550611168192e-07,1001,5101013674,6.202410531865165e-09,59503.25118756294
y,none,2,,0.00017782794100389227,tesseract,3.067320613729998e-05,1006,32797354,9.670602272312127e-07,161.04021739959717
y,all,2,,0.00031622776601683794,tesseract,1.0432304930831638e-06,1000,958560938,3.298982761882279e-08,17248.13253068924
y,none,2,,0.00031622776601683794,tesseract,9.506338454828384e-05,1238,13022890,2.701670037796698e-06,116.60473227500916
y,partial,2,,0.00031622776601683794,tesseract,6.918789723224357e-07,1005,1452566186,2.182463305765739e-08,37314.733884096146
y,all,2,,0.0005623413251903491,tesseract,5.792464987487767e-06,1025,176954026,1.8092568553567453e-07,4159.109578847885
y,none,2,,0.0005623413251903491,tesseract,0.0003054343626349143,1083,3545770,9.279772572829704e-06,45.09614634513855
y,partial,2,,0.0005623413251903491,tesseract,3.839372024357618e-06,1004,261501098,1.2116927405161025e-07,11379.763519525528
y,all,2,,0.001,tesseract,3.2433429242309326e-05,1063,32774826,9.94762017803797e-07,1643.1141226291656
y,none,2,,0.001,tesseract,0.000951960632210311,1264,1327786,2.6763236860172393e-05,25.491802215576172
y,partial,2,,0.001,tesseract,2.253221963254474e-05,1016,45090986,7.068906365122841e-07,3447.2693569660187
y,all,2,,0.0017782794100389228,tesseract,0.0001866598090294303,1157,6198442,5.487109174576228e-06,559.0370402336121
y,none,2,,0.0017782794100389228,tesseract,0.002942795000131024,1123,381610,8.768598188293093e-05,18.506115436553955
y,partial,2,,0.0017782794100389228,tesseract,0.00012709253143613583,1039,8175146,3.94261760431851e-06,1163.5527675151825
y,all,2,,0.0031622776601683794,tesseract,0.001094683889136098,1048,957354,3.3796384883703704e-05,167.58849692344666
y,none,2,,0.0031622776601683794,tesseract,0.0094395946621916,1170,123946,0.0002746634667494042,17.169286489486694
y,partial,2,,0.0031622776601683794,tesseract,0.0007261651213086607,1059,1458346,2.2306409117135737e-05,448.4633255004883
y,all,2,,0.005623413251903491,tesseract,0.0058429987865802335,1069,182954,0.00017818634975932826,67.64217877388
y,none,2,,0.005623413251903491,tesseract,0.03175007068136839,1123,35370,0.0009322846964566596,8.739274501800537
y,partial,2,,0.005623413251903491,tesseract,0.004118227579400793,1327,322226,0.00011281809783843027,322.49945092201233
y,all,2,,0.01,tesseract,0.032248174368693906,1157,35878,0.0009326537775044691,75.44794535636902
y,none,2,,0.01,tesseract,0.08859634953965434,1097,12382,0.0025536883544374682,8.323507308959961
y,partial,2,,0.01,tesseract,0.02270897379593032,1241,54648,0.0006372701463033788,341.65038108825684
y,none,3,,0.0001,tesseract,1.6327600146963378e-06,1003,614297258,5.155508831738555e-08,5715.419579267502
y,none,3,,0.00017782794100389227,tesseract,4.970457605615466e-06,1026,206419626,1.5517495003623256e-07,2474.140886068344
y,none,3,,0.00031622776601683794,tesseract,1.703879641756762e-05,1072,62915242,5.204006391516801e-07,1034.5644431114197
y,none,3,,0.0005623413251903491,tesseract,6.769011465510892e-05,136,2009156,5.8041829928630634e-06,164.05071020126343
y,none,3,,0.001,tesseract,0.00019733241500997665,1130,5726378,5.869706078275959e-06,319.7446138858795
y,all,3,,0.0017782794100389228,tesseract,1.3610264091606514e-05,1001,73547434,4.30176377514925e-07,16927.44029402733
y,none,3,,0.0017782794100389228,tesseract,0.0008410630244263191,1019,1211562,2.6336541143616574e-05,124.12873339653015
y,partial,3,,0.0017782794100389228,tesseract,7.5865198001063864e-06,1004,132339996,2.394275336248609e-07,48416.031568050385
y,all,3,,0.0031622776601683794,tesseract,0.00014357360268598353,1005,6999894,4.5285627354433465e-06,3330.036618947983
y,none,3,,0.0031622776601683794,tesseract,0.003502542653386694,1164,332330,0.00010248139772686877,67.04320883750916
y,partial,3,,0.0031622776601683794,tesseract,8.310094932354512e-05,1011,12165926,2.613438961853811e-06,11393.658189058304
y,all,3,,0.005623413251903491,tesseract,0.0016657343910798223,1078,647162,5.0691408747369935e-05,1048.7412784099579
y,none,3,,0.005623413251903491,tesseract,0.015319206370630315,1135,74090,0.0004512176397702047,40.787718296051025
y,partial,3,,0.005623413251903491,tesseract,0.0009237934434446337,1010,1093318,2.9054506067729406e-05,5561.083747625351
y,all,3,,0.01,tesseract,0.015741833923652106,1080,68607,0.0004752235583526998,1082.8722231388092
y,none,3,,0.01,tesseract,0.061940217977770586,1148,18534,0.001770586072208212,63.23181343078613
y,partial,3,,0.01,tesseract,0.010132066242750332,1015,100177,0.000316412496447014,4695.155475616455
y,none,4,,0.00031622776601683794,tesseract,9.519642871995647e-07,1001,1051510034,3.008869906771438e-08,40704.66400170326
y,none,4,,0.0005623413251903491,tesseract,4.948457094943387e-06,1016,205316522,1.5524652241816354e-07,13189.25243139267
y,none,4,,0.001,tesseract,3.184416432456142e-05,1028,32282210,9.93176383491378e-07,3688.0142188072205
y,none,4,,0.0017782794100389228,tesseract,0.0001827766142359236,1016,5558698,5.733688318381379e-06,1162.5447404384613
y,all,4,,0.0031622776601683794,tesseract,1.868803009082756e-05,1001,53563698,5.906666191405655e-07,55689.41888546944
y,none,4,,0.0031622776601683794,tesseract,0.0011364780830547267,1151,1012778,3.347930852276322e-05,441.41806173324585
y,all,4,,0.005623413251903491,tesseract,0.0004057932430987921,1006,2479095,1.2791388400647565e-05,12513.274257183075
y,none,4,,0.005623413251903491,tesseract,0.008011682587317962,1196,149282,0.0002307339089603768,237.37537693977356
y,partial,4,,0.005623413251903491,tesseract,0.00021467189084974469,1001,4662930,6.784401202572052e-06,78298.50663208961
y,all,4,,0.01,tesseract,0.007928281493555305,1002,126383,0.00024946908559735147,6341.5950922966
y,none,4,,0.01,tesseract,0.04900349724012978,1163,23733,0.0014012856611575585,347.842449426651
y,partial,4,,0.01,tesseract,0.004895494386304341,1002,204678,0.00015427552835775674,28706.287102222443
